1,2,1,10.5,Cookie,1,2.0,Combo,1,8.5
2,2,-1,8.5,Combo,1,8.5
3,2,-1,10.0,Poutine,1,6.0,Drink,2,2.0
4,2,-1,7.0,Water,1,2.0,Burger,1,5.0
5,2,0,7.0,Water,1,2.0,Burger,1,5.0
6,4,-1,12.0,Pop,1,2.0,Pizza,1,4.0,Fries,1,6.0
7,4,-1,9.0,Candy,3,3.0
8,2,-1,2.5,Milk,1,2.5
9,2,1,17.0,Fries,1,6.0,Pizza,1,4.0,Lasagna,1,7.0
10,2,0,14.0,Cookie,5,2.0,Pop,2,2.0
11,3,-1,12.0,Fries,2,6.0
12,4,-1,7.0,Lasagna,1,7.0
13,3,-1,3.0,Candy,1,3.0
14,2,1,5.5,Milk,1,2.5,Candy,1,3.0
15,3,-1,4.0,Pop,1,2.0,Pop,1,2.0
16,4,0,6.5,Milk,1,2.5,Pizza,1,4.0
17,2,-1,7.0,Bottled Water,1,2.0,Pop,1,2.0,Candy,1,3.0